0 0 0 0 0 0 0 0 0 0 0 0 0 0 0 0 0 0 0 0 0 0 0 0 0 0 0 0 0 0 0 0 0 0 0 0 0 0 0 0 0 0 0 0 0 0 0 0 0 0 0 0 0 0 0 0 0 0 0 0 0 0 0 0 0 0 0 0 0 0 0 0 0 0 0 0 0 0 0 0 0 0 0 0 0 0 0 0 0 0 0 0 0 0 0 0 0 0 0 0 0 0 0 0 0 0 0 0 0 0 0 0 0 0 0 0 0 0 0 0 0 0 0 0 0 0 0 0 0 0 0 0 0 0 0 0 0 0 0 0 0 0 0 0 0 0 0 0 0 0 0 0 0 0 0 0 0 0 0 0 0 0 0 0 0 0 0 0 0 0 0 0 0 0 0 0 0 0 0 0 0 0 0 0 0 0 0 0 0 0 0 0 0 0 0 0 0 0 0 0 0 0 0 0 0 0 0 0 0 0 0 0 0 0 0 0 0 0 0 0 0 0 0 0 0 0 0 0 0 0 0 0 0 0 0 0 0 0 0 0 0 0 0 0 0 0 0 0 0 0 0 0 0 0 0 0
0 1 2 3 4 5 6 7 8 9 10 11 12 13 14 15 16 17 18 19 20 21 22 23 24 25 26 27 28 29 30 31 32 33 34 35 36 37 38 39 40 41 42 43 44 45 46 47 48 49 50 51 52 53 54 55 56 57 58 59 60 61 62 63 64 65 66 67 68 69 70 71 72 73 74 75 76 77 78 79 80 81 82 83 84 85 86 87 88 89 90 91 92 93 94 95 96 97 98 99 100 101 102 103 104 105 106 107 108 109 110 111 112 113 114 115 116 117 118 119 120 121 122 123 124 125 126 127 128 129 130 131 132 133 134 135 136 137 138 139 140 141 142 143 144 145 146 147 148 149 150 151 152 153 154 155 156 157 158 159 160 161 162 163 164 165 166 167 168 169 170 171 172 173 174 175 176 177 178 179 180 181 182 183 184 185 186 187 188 189 190 191 192 193 194 195 196 197 198 199 200 201 202 203 204 205 206 207 208 209 210 211 212 213 214 215 216 217 218 219 220 221 222 223 224 225 226 227 228 229 230 231 232 233 234 235 236 237 238 239 240 241 242 243 244 245 246 247 248 249 250 251 252 253 254 255
0 2 4 6 8 10 12 14 16 18 20 22 24 26 28 30 32 34 36 38 40 42 44 46 48 50 52 54 56 58 60 62 64 66 68 70 72 74 76 78 80 82 84 86 88 90 92 94 96 98 100 102 104 106 108 110 112 114 116 118 120 122 124 126 128 130 132 134 136 138 140 142 144 146 148 150 152 154 156 158 160 162 164 166 168 170 172 174 176 178 180 182 184 186 188 190 192 194 196 198 200 202 204 206 208 210 212 214 216 218 220 222 224 226 228 230 232 234 236 238 240 242 244 246 248 250 252 254 0 2 4 6 8 10 12 14 16 18 20 22 24 26 28 30 32 34 36 38 40 42 44 46 48 50 52 54 56 58 60 62 64 66 68 70 72 74 76 78 80 82 84 86 88 90 92 94 96 98 100 102 104 106 108 110 112 114 116 118 120 122 124 126 128 130 132 134 136 138 140 142 144 146 148 150 152 154 156 158 160 162 164 166 168 170 172 174 176 178 180 182 184 186 188 190 192 194 196 198 200 202 204 206 208 210 212 214 216 218 220 222 224 226 228 230 232 234 236 238 240 242 244 246 248 250 252 254
0 3 6 5 12 15 10 9 24 27 30 29 20 23 18 17 48 51 54 53 60 63 58 57 40 43 46 45 36 39 34 33 96 99 102 101 108 111 106 105 120 123 126 125 116 119 114 113 80 83 86 85 92 95 90 89 72 75 78 77 68 71 66 65 192 195 198 197 204 207 202 201 216 219 222 221 212 215 210 209 240 243 246 245 252 255 250 249 232 235 238 237 228 231 226 225 160 163 166 165 172 175 170 169 184 187 190 189 180 183 178 177 144 147 150 149 156 159 154 153 136 139 142 141 132 135 130 129 128 131 134 133 140 143 138 137 152 155 158 157 148 151 146 145 176 179 182 181 188 191 186 185 168 171 174 173 164 167 162 161 224 227 230 229 236 239 234 233 248 251 254 253 244 247 242 241 208 211 214 213 220 223 218 217 200 203 206 205 196 199 194 193 64 67 70 69 76 79 74 73 88 91 94 93 84 87 82 81 112 115 118 117 124 127 122 121 104 107 110 109 100 103 98 97 32 35 38 37 44 47 42 41 56 59 62 61 52 55 50 49 16 19 22 21 28 31 26 25 8 11 14 13 4 7 2 1
0 4 8 12 16 20 24 28 32 36 40 44 48 52 56 60 64 68 72 76 80 84 88 92 96 100 104 108 112 116 120 124 128 132 136 140 144 148 152 156 160 164 168 172 176 180 184 188 192 196 200 204 208 212 216 220 224 228 232 236 240 244 248 252 0 4 8 12 16 20 24 28 32 36 40 44 48 52 56 60 64 68 72 76 80 84 88 92 96 100 104 108 112 116 120 124 128 132 136 140 144 148 152 156 160 164 168 172 176 180 184 188 192 196 200 204 208 212 216 220 224 228 232 236 240 244 248 252 0 4 8 12 16 20 24 28 32 36 40 44 48 52 56 60 64 68 72 76 80 84 88 92 96 100 104 108 112 116 120 124 128 132 136 140 144 148 152 156 160 164 168 172 176 180 184 188 192 196 200 204 208 212 216 220 224 228 232 236 240 244 248 252 0 4 8 12 16 20 24 28 32 36 40 44 48 52 56 60 64 68 72 76 80 84 88 92 96 100 104 108 112 116 120 124 128 132 136 140 144 148 152 156 160 164 168 172 176 180 184 188 192 196 200 204 208 212 216 220 224 228 232 236 240 244 248 252
0 5 10 15 20 17 30 27 40 45 34 39 60 57 54 51 80 85 90 95 68 65 78 75 120 125 114 119 108 105 102 99 160 165 170 175 180 177 190 187 136 141 130 135 156 153 150 147 240 245 250 255 228 225 238 235 216 221 210 215 204 201 198 195 64 69 74 79 84 81 94 91 104 109 98 103 124 121 118 115 16 21 26 31 4 1 14 11 56 61 50 55 44 41 38 35 224 229 234 239 244 241 254 251 200 205 194 199 220 217 214 211 176 181 186 191 164 161 174 171 152 157 146 151 140 137 134 131 128 133 138 143 148 145 158 155 168 173 162 167 188 185 182 179 208 213 218 223 196 193 206 203 248 253 242 247 236 233 230 227 32 37 42 47 52 49 62 59 8 13 2 7 28 25 22 19 112 117 122 127 100 97 110 107 88 93 82 87 76 73 70 67 192 197 202 207 212 209 222 219 232 237 226 231 252 249 246 243 144 149 154 159 132 129 142 139 184 189 178 183 172 169 166 163 96 101 106 111 116 113 126 123 72 77 66 71 92 89 86 83 48 53 58 63 36 33 46 43 24 29 18 23 12 9 6 3
0 6 12 10 24 30 20 18 48 54 60 58 40 46 36 34 96 102 108 106 120 126 116 114 80 86 92 90 72 78 68 66 192 198 204 202 216 222 212 210 240 246 252 250 232 238 228 226 160 166 172 170 184 190 180 178 144 150 156 154 136 142 132 130 128 134 140 138 152 158 148 146 176 182 188 186 168 174 164 162 224 230 236 234 248 254 244 242 208 214 220 218 200 206 196 194 64 70 76 74 88 94 84 82 112 118 124 122 104 110 100 98 32 38 44 42 56 62 52 50 16 22 28 26 8 14 4 2 0 6 12 10 24 30 20 18 48 54 60 58 40 46 36 34 96 102 108 106 120 126 116 114 80 86 92 90 72 78 68 66 192 198 204 202 216 222 212 210 240 246 252 250 232 238 228 226 160 166 172 170 184 190 180 178 144 150 156 154 136 142 132 130 128 134 140 138 152 158 148 146 176 182 188 186 168 174 164 162 224 230 236 234 248 254 244 242 208 214 220 218 200 206 196 194 64 70 76 74 88 94 84 82 112 118 124 122 104 110 100 98 32 38 44 42 56 62 52 50 16 22 28 26 8 14 4 2
0 7 14 9 28 27 18 21 56 63 54 49 36 35 42 45 112 119 126 121 108 107 98 101 72 79 70 65 84 83 90 93 224 231 238 233 252 251 242 245 216 223 214 209 196 195 202 205 144 151 158 153 140 139 130 133 168 175 166 161 180 179 186 189 192 199 206 201 220 219 210 213 248 255 246 241 228 227 234 237 176 183 190 185 172 171 162 165 136 143 134 129 148 147 154 157 32 39 46 41 60 59 50 53 24 31 22 17 4 3 10 13 80 87 94 89 76 75 66 69 104 111 102 97 116 115 122 125 128 135 142 137 156 155 146 149 184 191 182 177 164 163 170 173 240 247 254 249 236 235 226 229 200 207 198 193 212 211 218 221 96 103 110 105 124 123 114 117 88 95 86 81 68 67 74 77 16 23 30 25 12 11 2 5 40 47 38 33 52 51 58 61 64 71 78 73 92 91 82 85 120 127 118 113 100 99 106 109 48 55 62 57 44 43 34 37 8 15 6 1 20 19 26 29 160 167 174 169 188 187 178 181 152 159 150 145 132 131 138 141 208 215 222 217 204 203 194 197 232 239 230 225 244 243 250 253
0 8 16 24 32 40 48 56 64 72 80 88 96 104 112 120 128 136 144 152 160 168 176 184 192 200 208 216 224 232 240 248 0 8 16 24 32 40 48 56 64 72 80 88 96 104 112 120 128 136 144 152 160 168 176 184 192 200 208 216 224 232 240 248 0 8 16 24 32 40 48 56 64 72 80 88 96 104 112 120 128 136 144 152 160 168 176 184 192 200 208 216 224 232 240 248 0 8 16 24 32 40 48 56 64 72 80 88 96 104 112 120 128 136 144 152 160 168 176 184 192 200 208 216 224 232 240 248 0 8 16 24 32 40 48 56 64 72 80 88 96 104 112 120 128 136 144 152 160 168 176 184 192 200 208 216 224 232 240 248 0 8 16 24 32 40 48 56 64 72 80 88 96 104 112 120 128 136 144 152 160 168 176 184 192 200 208 216 224 232 240 248 0 8 16 24 32 40 48 56 64 72 80 88 96 104 112 120 128 136 144 152 160 168 176 184 192 200 208 216 224 232 240 248 0 8 16 24 32 40 48 56 64 72 80 88 96 104 112 120 128 136 144 152 160 168 176 184 192 200 208 216 224 232 240 248
0 9 18 27 36 45 54 63 72 65 90 83 108 101 126 119 144 153 130 139 180 189 166 175 216 209 202 195 252 245 238 231 32 41 50 59 4 13 22 31 104 97 122 115 76 69 94 87 176 185 162 171 148 157 134 143 248 241 234 227 220 213 206 199 64 73 82 91 100 109 118 127 8 1 26 19 44 37 62 55 208 217 194 203 244 253 230 239 152 145 138 131 188 181 174 167 96 105 114 123 68 77 86 95 40 33 58 51 12 5 30 23 240 249 226 235 212 221 198 207 184 177 170 163 156 149 142 135 128 137 146 155 164 173 182 191 200 193 218 211 236 229 254 247 16 25 2 11 52 61 38 47 88 81 74 67 124 117 110 103 160 169 178 187 132 141 150 159 232 225 250 243 204 197 222 215 48 57 34 43 20 29 6 15 120 113 106 99 92 85 78 71 192 201 210 219 228 237 246 255 136 129 154 147 172 165 190 183 80 89 66 75 116 125 102 111 24 17 10 3 60 53 46 39 224 233 242 251 196 205 214 223 168 161 186 179 140 133 158 151 112 121 98 107 84 93 70 79 56 49 42 35 28 21 14 7
0 10 20 30 40 34 60 54 80 90 68 78 120 114 108 102 160 170 180 190 136 130 156 150 240 250 228 238 216 210 204 198 64 74 84 94 104 98 124 118 16 26 4 14 56 50 44 38 224 234 244 254 200 194 220 214 176 186 164 174 152 146 140 134 128 138 148 158 168 162 188 182 208 218 196 206 248 242 236 230 32 42 52 62 8 2 28 22 112 122 100 110 88 82 76 70 192 202 212 222 232 226 252 246 144 154 132 142 184 178 172 166 96 106 116 126 72 66 92 86 48 58 36 46 24 18 12 6 0 10 20 30 40 34 60 54 80 90 68 78 120 114 108 102 160 170 180 190 136 130 156 150 240 250 228 238 216 210 204 198 64 74 84 94 104 98 124 118 16 26 4 14 56 50 44 38 224 234 244 254 200 194 220 214 176 186 164 174 152 146 140 134 128 138 148 158 168 162 188 182 208 218 196 206 248 242 236 230 32 42 52 62 8 2 28 22 112 122 100 110 88 82 76 70 192 202 212 222 232 226 252 246 144 154 132 142 184 178 172 166 96 106 116 126 72 66 92 86 48 58 36 46 24 18 12 6
0 11 22 29 44 39 58 49 88 83 78 69 116 127 98 105 176 187 166 173 156 151 138 129 232 227 254 245 196 207 210 217 96 107 118 125 76 71 90 81 56 51 46 37 20 31 2 9 208 219 198 205 252 247 234 225 136 131 158 149 164 175 178 185 192 203 214 221 236 231 250 241 152 147 142 133 180 191 162 169 112 123 102 109 92 87 74 65 40 35 62 53 4 15 18 25 160 171 182 189 140 135 154 145 248 243 238 229 212 223 194 201 16 27 6 13 60 55 42 33 72 67 94 85 100 111 114 121 128 139 150 157 172 167 186 177 216 211 206 197 244 255 226 233 48 59 38 45 28 23 10 1 104 99 126 117 68 79 82 89 224 235 246 253 204 199 218 209 184 179 174 165 148 159 130 137 80 91 70 77 124 119 106 97 8 3 30 21 36 47 50 57 64 75 86 93 108 103 122 113 24 19 14 5 52 63 34 41 240 251 230 237 220 215 202 193 168 163 190 181 132 143 146 153 32 43 54 61 12 7 26 17 120 115 110 101 84 95 66 73 144 155 134 141 188 183 170 161 200 195 222 213 228 239 242 249
0 12 24 20 48 60 40 36 96 108 120 116 80 92 72 68 192 204 216 212 240 252 232 228 160 172 184 180 144 156 136 132 128 140 152 148 176 188 168 164 224 236 248 244 208 220 200 196 64 76 88 84 112 124 104 100 32 44 56 52 16 28 8 4 0 12 24 20 48 60 40 36 96 108 120 116 80 92 72 68 192 204 216 212 240 252 232 228 160 172 184 180 144 156 136 132 128 140 152 148 176 188 168 164 224 236 248 244 208 220 200 196 64 76 88 84 112 124 104 100 32 44 56 52 16 28 8 4 0 12 24 20 48 60 40 36 96 108 120 116 80 92 72 68 192 204 216 212 240 252 232 228 160 172 184 180 144 156 136 132 128 140 152 148 176 188 168 164 224 236 248 244 208 220 200 196 64 76 88 84 112 124 104 100 32 44 56 52 16 28 8 4 0 12 24 20 48 60 40 36 96 108 120 116 80 92 72 68 192 204 216 212 240 252 232 228 160 172 184 180 144 156 136 132 128 140 152 148 176 188 168 164 224 236 248 244 208 220 200 196 64 76 88 84 112 124 104 100 32 44 56 52 16 28 8 4
0 13 26 23 52 57 46 35 104 101 114 127 92 81 70 75 208 221 202 199 228 233 254 243 184 181 162 175 140 129 150 155 160 173 186 183 148 153 142 131 200 197 210 223 252 241 230 235 112 125 106 103 68 73 94 83 24 21 2 15 44 33 54 59 64 77 90 87 116 121 110 99 40 37 50 63 28 17 6 11 144 157 138 135 164 169 190 179 248 245 226 239 204 193 214 219 224 237 250 247 212 217 206 195 136 133 146 159 188 177 166 171 48 61 42 39 4 9 30 19 88 85 66 79 108 97 118 123 128 141 154 151 180 185 174 163 232 229 242 255 220 209 198 203 80 93 74 71 100 105 126 115 56 53 34 47 12 1 22 27 32 45 58 55 20 25 14 3 72 69 82 95 124 113 102 107 240 253 234 231 196 201 222 211 152 149 130 143 172 161 182 187 192 205 218 215 244 249 238 227 168 165 178 191 156 145 134 139 16 29 10 7 36 41 62 51 120 117 98 111 76 65 86 91 96 109 122 119 84 89 78 67 8 5 18 31 60 49 38 43 176 189 170 167 132 137 158 147 216 213 194 207 236 225 246 251
0 14 28 18 56 54 36 42 112 126 108 98 72 70 84 90 224 238 252 242 216 214 196 202 144 158 140 130 168 166 180 186 192 206 220 210 248 246 228 234 176 190 172 162 136 134 148 154 32 46 60 50 24 22 4 10 80 94 76 66 104 102 116 122 128 142 156 146 184 182 164 170 240 254 236 226 200 198 212 218 96 110 124 114 88 86 68 74 16 30 12 2 40 38 52 58 64 78 92 82 120 118 100 106 48 62 44 34 8 6 20 26 160 174 188 178 152 150 132 138 208 222 204 194 232 230 244 250 0 14 28 18 56 54 36 42 112 126 108 98 72 70 84 90 224 238 252 242 216 214 196 202 144 158 140 130 168 166 180 186 192 206 220 210 248 246 228 234 176 190 172 162 136 134 148 154 32 46 60 50 24 22 4 10 80 94 76 66 104 102 116 122 128 142 156 146 184 182 164 170 240 254 236 226 200 198 212 218 96 110 124 114 88 86 68 74 16 30 12 2 40 38 52 58 64 78 92 82 120 118 100 106 48 62 44 34 8 6 20 26 160 174 188 178 152 150 132 138 208 222 204 194 232 230 244 250
0 15 30 17 60 51 34 45 120 119 102 105 68 75 90 85 240 255 238 225 204 195 210 221 136 135 150 153 180 187 170 165 224 239 254 241 220 211 194 205 152 151 134 137 164 171 186 181 16 31 14 1 44 35 50 61 104 103 118 121 84 91 74 69 192 207 222 209 252 243 226 237 184 183 166 169 132 139 154 149 48 63 46 33 12 3 18 29 72 71 86 89 116 123 106 101 32 47 62 49 28 19 2 13 88 87 70 73 100 107 122 117 208 223 206 193 236 227 242 253 168 167 182 185 148 155 138 133 128 143 158 145 188 179 162 173 248 247 230 233 196 203 218 213 112 127 110 97 76 67 82 93 8 7 22 25 52 59 42 37 96 111 126 113 92 83 66 77 24 23 6 9 36 43 58 53 144 159 142 129 172 163 178 189 232 231 246 249 212 219 202 197 64 79 94 81 124 115 98 109 56 55 38 41 4 11 26 21 176 191 174 161 140 131 146 157 200 199 214 217 244 251 234 229 160 175 190 177 156 147 130 141 216 215 198 201 228 235 250 245 80 95 78 65 108 99 114 125 40 39 54 57 20 27 10 5
0 16 32 48 64 80 96 112 128 144 160 176 192 208 224 240 0 16 32 48 64 80 96 112 128 144 160 176 192 208 224 240 0 16 32 48 64 80 96 112 128 144 160 176 192 208 224 240 0 16 32 48 64 80 96 112 128 144 160 176 192 208 224 240 0 16 32 48 64 80 96 112 128 144 160 176 192 208 224 240 0 16 32 48 64 80 96 112 128 144 160 176 192 208 224 240 0 16 32 48 64 80 96 112 128 144 160 176 192 208 224 240 0 16 32 48 64 80 96 112 128 144 160 176 192 208 224 240 0 16 32 48 64 80 96 112 128 144 160 176 192 208 224 240 0 16 32 48 64 80 96 112 128 144 160 176 192 208 224 240 0 16 32 48 64 80 96 112 128 144 160 176 192 208 224 240 0 16 32 48 64 80 96 112 128 144 160 176 192 208 224 240 0 16 32 48 64 80 96 112 128 144 160 176 192 208 224 240 0 16 32 48 64 80 96 112 128 144 160 176 192 208 224 240 0 16 32 48 64 80 96 112 128 144 160 176 192 208 224 240 0 16 32 48 64 80 96 112 128 144 160 176 192 208 224 240
0 17 34 51 68 85 102 119 136 153 170 187 204 221 238 255 16 1 50 35 84 69 118 103 152 137 186 171 220 205 254 239 32 49 2 19 100 117 70 87 168 185 138 155 236 253 206 223 48 33 18 3 116 101 86 71 184 169 154 139 252 237 222 207 64 81 98 115 4 21 38 55 200 217 234 251 140 157 174 191 80 65 114 99 20 5 54 39 216 201 250 235 156 141 190 175 96 113 66 83 36 53 6 23 232 249 202 219 172 189 142 159 112 97 82 67 52 37 22 7 248 233 218 203 188 173 158 143 128 145 162 179 196 213 230 247 8 25 42 59 76 93 110 127 144 129 178 163 212 197 246 231 24 9 58 43 92 77 126 111 160 177 130 147 228 245 198 215 40 57 10 27 108 125 78 95 176 161 146 131 244 229 214 199 56 41 26 11 124 109 94 79 192 209 226 243 132 149 166 183 72 89 106 123 12 29 46 63 208 193 242 227 148 133 182 167 88 73 122 107 28 13 62 47 224 241 194 211 164 181 134 151 104 121 74 91 44 61 14 31 240 225 210 195 180 165 150 135 120 105 90 75 60 45 30 15
0 18 36 54 72 90 108 126 144 130 180 166 216 202 252 238 32 50 4 22 104 122 76 94 176 162 148 134 248 234 220 206 64 82 100 118 8 26 44 62 208 194 244 230 152 138 188 174 96 114 68 86 40 58 12 30 240 226 212 198 184 170 156 142 128 146 164 182 200 218 236 254 16 2 52 38 88 74 124 110 160 178 132 150 232 250 204 222 48 34 20 6 120 106 92 78 192 210 228 246 136 154 172 190 80 66 116 102 24 10 60 46 224 242 196 214 168 186 140 158 112 98 84 70 56 42 28 14 0 18 36 54 72 90 108 126 144 130 180 166 216 202 252 238 32 50 4 22 104 122 76 94 176 162 148 134 248 234 220 206 64 82 100 118 8 26 44 62 208 194 244 230 152 138 188 174 96 114 68 86 40 58 12 30 240 226 212 198 184 170 156 142 128 146 164 182 200 218 236 254 16 2 52 38 88 74 124 110 160 178 132 150 232 250 204 222 48 34 20 6 120 106 92 78 192 210 228 246 136 154 172 190 80 66 116 102 24 10 60 46 224 242 196 214 168 186 140 158 112 98 84 70 56 42 28 14
0 19 38 53 76 95 106 121 152 139 190 173 212 199 242 225 48 35 22 5 124 111 90 73 168 187 142 157 228 247 194 209 96 115 70 85 44 63 10 25 248 235 222 205 180 167 146 129 80 67 118 101 28 15 58 41 200 219 238 253 132 151 162 177 192 211 230 245 140 159 170 185 88 75 126 109 20 7 50 33 240 227 214 197 188 175 154 137 104 123 78 93 36 55 2 17 160 179 134 149 236 255 202 217 56 43 30 13 116 103 82 65 144 131 182 165 220 207 250 233 8 27 46 61 68 87 98 113 128 147 166 181 204 223 234 249 24 11 62 45 84 71 114 97 176 163 150 133 252 239 218 201 40 59 14 29 100 119 66 81 224 243 198 213 172 191 138 153 120 107 94 77 52 39 18 1 208 195 246 229 156 143 186 169 72 91 110 125 4 23 34 49 64 83 102 117 12 31 42 57 216 203 254 237 148 135 178 161 112 99 86 69 60 47 26 9 232 251 206 221 164 183 130 145 32 51 6 21 108 127 74 89 184 171 158 141 244 231 210 193 16 3 54 37 92 79 122 105 136 155 174 189 196 215 226 241
0 20 40 60 80 68 120 108 160 180 136 156 240 228 216 204 64 84 104 124 16 4 56 44 224 244 200 220 176 164 152 140 128 148 168 188 208 196 248 236 32 52 8 28 112 100 88 76 192 212 232 252 144 132 184 172 96 116 72 92 48 36 24 12 0 20 40 60 80 68 120 108 160 180 136 156 240 228 216 204 64 84 104 124 16 4 56 44 224 244 200 220 176 164 152 140 128 148 168 188 208 196 248 236 32 52 8 28 112 100 88 76 192 212 232 252 144 132 184 172 96 116 72 92 48 36 24 12 0 20 40 60 80 68 120 108 160 180 136 156 240 228 216 204 64 84 104 124 16 4 56 44 224 244 200 220 176 164 152 140 128 148 168 188 208 196 248 236 32 52 8 28 112 100 88 76 192 212 232 252 144 132 184 172 96 116 72 92 48 36 24 12 0 20 40 60 80 68 120 108 160 180 136 156 240 228 216 204 64 84 104 124 16 4 56 44 224 244 200 220 176 164 152 140 128 148 168 188 208 196 248 236 32 52 8 28 112 100 88 76 192 212 232 252 144 132 184 172 96 116 72 92 48 36 24 12
0 21 42 63 84 65 126 107 168 189 130 151 252 233 214 195 80 69 122 111 4 17 46 59 248 237 210 199 172 185 134 147 160 181 138 159 244 225 222 203 8 29 34 55 92 73 118 99 240 229 218 207 164 177 142 155 88 77 114 103 12 25 38 51 64 85 106 127 20 1 62 43 232 253 194 215 188 169 150 131 16 5 58 47 68 81 110 123 184 173 146 135 236 249 198 211 224 245 202 223 180 161 158 139 72 93 98 119 28 9 54 35 176 165 154 143 228 241 206 219 24 13 50 39 76 89 102 115 128 149 170 191 212 193 254 235 40 61 2 23 124 105 86 67 208 197 250 239 132 145 174 187 120 109 82 71 44 57 6 19 32 53 10 31 116 97 94 75 136 157 162 183 220 201 246 227 112 101 90 79 36 49 14 27 216 205 242 231 140 153 166 179 192 213 234 255 148 129 190 171 104 125 66 87 60 41 22 3 144 133 186 175 196 209 238 251 56 45 18 7 108 121 70 83 96 117 74 95 52 33 30 11 200 221 226 247 156 137 182 163 48 37 26 15 100 113 78 91 152 141 178 167 204 217 230 243
0 22 44 58 88 78 116 98 176 166 156 138 232 254 196 210 96 118 76 90 56 46 20 2 208 198 252 234 136 158 164 178 192 214 236 250 152 142 180 162 112 102 92 74 40 62 4 18 160 182 140 154 248 238 212 194 16 6 60 42 72 94 100 114 128 150 172 186 216 206 244 226 48 38 28 10 104 126 68 82 224 246 204 218 184 174 148 130 80 70 124 106 8 30 36 50 64 86 108 122 24 14 52 34 240 230 220 202 168 190 132 146 32 54 12 26 120 110 84 66 144 134 188 170 200 222 228 242 0 22 44 58 88 78 116 98 176 166 156 138 232 254 196 210 96 118 76 90 56 46 20 2 208 198 252 234 136 158 164 178 192 214 236 250 152 142 180 162 112 102 92 74 40 62 4 18 160 182 140 154 248 238 212 194 16 6 60 42 72 94 100 114 128 150 172 186 216 206 244 226 48 38 28 10 104 126 68 82 224 246 204 218 184 174 148 130 80 70 124 106 8 30 36 50 64 86 108 122 24 14 52 34 240 230 220 202 168 190 132 146 32 54 12 26 120 110 84 66 144 134 188 170 200 222 228 242
0 23 46 57 92 75 114 101 184 175 150 129 228 243 202 221 112 103 94 73 44 59 2 21 200 223 230 241 148 131 186 173 224 247 206 217 188 171 146 133 88 79 118 97 4 19 42 61 144 135 190 169 204 219 226 245 40 63 6 17 116 99 90 77 192 215 238 249 156 139 178 165 120 111 86 65 36 51 10 29 176 167 158 137 236 251 194 213 8 31 38 49 84 67 122 109 32 55 14 25 124 107 82 69 152 143 182 161 196 211 234 253 80 71 126 105 12 27 34 53 232 255 198 209 180 163 154 141 128 151 174 185 220 203 242 229 56 47 22 1 100 115 74 93 240 231 222 201 172 187 130 149 72 95 102 113 20 3 58 45 96 119 78 89 60 43 18 5 216 207 246 225 132 147 170 189 16 7 62 41 76 91 98 117 168 191 134 145 244 227 218 205 64 87 110 121 28 11 50 37 248 239 214 193 164 179 138 157 48 39 30 9 108 123 66 85 136 159 166 177 212 195 250 237 160 183 142 153 252 235 210 197 24 15 54 33 68 83 106 125 208 199 254 233 140 155 162 181 104 127 70 81 52 35 26 13
0 24 48 40 96 120 80 72 192 216 240 232 160 184 144 136 128 152 176 168 224 248 208 200 64 88 112 104 32 56 16 8 0 24 48 40 96 120 80 72 192 216 240 232 160 184 144 136 128 152 176 168 224 248 208 200 64 88 112 104 32 56 16 8 0 24 48 40 96 120 80 72 192 216 240 232 160 184 144 136 128 152 176 168 224 248 208 200 64 88 112 104 32 56 16 8 0 24 48 40 96 120 80 72 192 216 240 232 160 184 144 136 128 152 176 168 224 248 208 200 64 88 112 104 32 56 16 8 0 24 48 40 96 120 80 72 192 216 240 232 160 184 144 136 128 152 176 168 224 248 208 200 64 88 112 104 32 56 16 8 0 24 48 40 96 120 80 72 192 216 240 232 160 184 144 136 128 152 176 168 224 248 208 200 64 88 112 104 32 56 16 8 0 24 48 40 96 120 80 72 192 216 240 232 160 184 144 136 128 152 176 168 224 248 208 200 64 88 112 104 32 56 16 8 0 24 48 40 96 120 80 72 192 216 240 232 160 184 144 136 128 152 176 168 224 248 208 200 64 88 112 104 32 56 16 8
0 25 50 43 100 125 86 79 200 209 250 227 172 181 158 135 144 137 162 187 244 237 198 223 88 65 106 115 60 37 14 23 32 57 18 11 68 93 118 111 232 241 218 195 140 149 190 167 176 169 130 155 212 205 230 255 120 97 74 83 28 5 46 55 64 89 114 107 36 61 22 15 136 145 186 163 236 245 222 199 208 201 226 251 180 173 134 159 24 1 42 51 124 101 78 87 96 121 82 75 4 29 54 47 168 177 154 131 204 213 254 231 240 233 194 219 148 141 166 191 56 33 10 19 92 69 110 119 128 153 178 171 228 253 214 207 72 81 122 99 44 53 30 7 16 9 34 59 116 109 70 95 216 193 234 243 188 165 142 151 160 185 146 139 196 221 246 239 104 113 90 67 12 21 62 39 48 41 2 27 84 77 102 127 248 225 202 211 156 133 174 183 192 217 242 235 164 189 150 143 8 17 58 35 108 117 94 71 80 73 98 123 52 45 6 31 152 129 170 179 252 229 206 215 224 249 210 203 132 157 182 175 40 49 26 3 76 85 126 103 112 105 66 91 20 13 38 63 184 161 138 147 220 197 238 247
0 26 52 46 104 114 92 70 208 202 228 254 184 162 140 150 160 186 148 142 200 210 252 230 112 106 68 94 24 2 44 54 64 90 116 110 40 50 28 6 144 138 164 190 248 226 204 214 224 250 212 206 136 146 188 166 48 42 4 30 88 66 108 118 128 154 180 174 232 242 220 198 80 74 100 126 56 34 12 22 32 58 20 14 72 82 124 102 240 234 196 222 152 130 172 182 192 218 244 238 168 178 156 134 16 10 36 62 120 98 76 86 96 122 84 78 8 18 60 38 176 170 132 158 216 194 236 246 0 26 52 46 104 114 92 70 208 202 228 254 184 162 140 150 160 186 148 142 200 210 252 230 112 106 68 94 24 2 44 54 64 90 116 110 40 50 28 6 144 138 164 190 248 226 204 214 224 250 212 206 136 146 188 166 48 42 4 30 88 66 108 118 128 154 180 174 232 242 220 198 80 74 100 126 56 34 12 22 32 58 20 14 72 82 124 102 240 234 196 222 152 130 172 182 192 218 244 238 168 178 156 134 16 10 36 62 120 98 76 86 96 122 84 78 8 18 60 38 176 170 132 158 216 194 236 246
0 27 54 45 108 119 90 65 216 195 238 245 180 175 130 153 176 171 134 157 220 199 234 241 104 115 94 69 4 31 50 41 96 123 86 77 12 23 58 33 184 163 142 149 212 207 226 249 208 203 230 253 188 167 138 145 8 19 62 37 100 127 82 73 192 219 246 237 172 183 154 129 24 3 46 53 116 111 66 89 112 107 70 93 28 7 42 49 168 179 158 133 196 223 242 233 160 187 150 141 204 215 250 225 120 99 78 85 20 15 34 57 16 11 38 61 124 103 74 81 200 211 254 229 164 191 146 137 128 155 182 173 236 247 218 193 88 67 110 117 52 47 2 25 48 43 6 29 92 71 106 113 232 243 222 197 132 159 178 169 224 251 214 205 140 151 186 161 56 35 14 21 84 79 98 121 80 75 102 125 60 39 10 17 136 147 190 165 228 255 210 201 64 91 118 109 44 55 26 1 152 131 174 181 244 239 194 217 240 235 198 221 156 135 170 177 40 51 30 5 68 95 114 105 32 59 22 13 76 87 122 97 248 227 206 213 148 143 162 185 144 139 166 189 252 231 202 209 72 83 126 101 36 63 18 9
0 28 56 36 112 108 72 84 224 252 216 196 144 140 168 180 192 220 248 228 176 172 136 148 32 60 24 4 80 76 104 116 128 156 184 164 240 236 200 212 96 124 88 68 16 12 40 52 64 92 120 100 48 44 8 20 160 188 152 132 208 204 232 244 0 28 56 36 112 108 72 84 224 252 216 196 144 140 168 180 192 220 248 228 176 172 136 148 32 60 24 4 80 76 104 116 128 156 184 164 240 236 200 212 96 124 88 68 16 12 40 52 64 92 120 100 48 44 8 20 160 188 152 132 208 204 232 244 0 28 56 36 112 108 72 84 224 252 216 196 144 140 168 180 192 220 248 228 176 172 136 148 32 60 24 4 80 76 104 116 128 156 184 164 240 236 200 212 96 124 88 68 16 12 40 52 64 92 120 100 48 44 8 20 160 188 152 132 208 204 232 244 0 28 56 36 112 108 72 84 224 252 216 196 144 140 168 180 192 220 248 228 176 172 136 148 32 60 24 4 80 76 104 116 128 156 184 164 240 236 200 212 96 124 88 68 16 12 40 52 64 92 120 100 48 44 8 20 160 188 152 132 208 204 232 244
0 29 58 39 116 105 78 83 232 245 210 207 156 129 166 187 208 205 234 247 164 185 158 131 56 37 2 31 76 81 118 107 160 189 154 135 212 201 238 243 72 85 114 111 60 33 6 27 112 109 74 87 4 25 62 35 152 133 162 191 236 241 214 203 64 93 122 103 52 41 14 19 168 181 146 143 220 193 230 251 144 141 170 183 228 249 222 195 120 101 66 95 12 17 54 43 224 253 218 199 148 137 174 179 8 21 50 47 124 97 70 91 48 45 10 23 68 89 126 99 216 197 226 255 172 177 150 139 128 157 186 167 244 233 206 211 104 117 82 79 28 1 38 59 80 77 106 119 36 57 30 3 184 165 130 159 204 209 246 235 32 61 26 7 84 73 110 115 200 213 242 239 188 161 134 155 240 237 202 215 132 153 190 163 24 5 34 63 108 113 86 75 192 221 250 231 180 169 142 147 40 53 18 15 92 65 102 123 16 13 42 55 100 121 94 67 248 229 194 223 140 145 182 171 96 125 90 71 20 9 46 51 136 149 178 175 252 225 198 219 176 173 138 151 196 217 254 227 88 69 98 127 44 49 22 11
0 30 60 34 120 102 68 90 240 238 204 210 136 150 180 170 224 254 220 194 152 134 164 186 16 14 44 50 104 118 84 74 192 222 252 226 184 166 132 154 48 46 12 18 72 86 116 106 32 62 28 2 88 70 100 122 208 206 236 242 168 182 148 138 128 158 188 162 248 230 196 218 112 110 76 82 8 22 52 42 96 126 92 66 24 6 36 58 144 142 172 178 232 246 212 202 64 94 124 98 56 38 4 26 176 174 140 146 200 214 244 234 160 190 156 130 216 198 228 250 80 78 108 114 40 54 20 10 0 30 60 34 120 102 68 90 240 238 204 210 136 150 180 170 224 254 220 194 152 134 164 186 16 14 44 50 104 118 84 74 192 222 252 226 184 166 132 154 48 46 12 18 72 86 116 106 32 62 28 2 88 70 100 122 208 206 236 242 168 182 148 138 128 158 188 162 248 230 196 218 112 110 76 82 8 22 52 42 96 126 92 66 24 6 36 58 144 142 172 178 232 246 212 202 64 94 124 98 56 38 4 26 176 174 140 146 200 214 244 234 160 190 156 130 216 198 228 250 80 78 108 114 40 54 20 10
0 31 62 33 124 99 66 93 248 231 198 217 132 155 186 165 240 239 206 209 140 147 178 173 8 23 54 41 116 107 74 85 224 255 222 193 156 131 162 189 24 7 38 57 100 123 90 69 16 15 46 49 108 115 82 77 232 247 214 201 148 139 170 181 192 223 254 225 188 163 130 157 56 39 6 25 68 91 122 101 48 47 14 17 76 83 114 109 200 215 246 233 180 171 138 149 32 63 30 1 92 67 98 125 216 199 230 249 164 187 154 133 208 207 238 241 172 179 146 141 40 55 22 9 84 75 106 117 128 159 190 161 252 227 194 221 120 103 70 89 4 27 58 37 112 111 78 81 12 19 50 45 136 151 182 169 244 235 202 213 96 127 94 65 28 3 34 61 152 135 166 185 228 251 218 197 144 143 174 177 236 243 210 205 104 119 86 73 20 11 42 53 64 95 126 97 60 35 2 29 184 167 134 153 196 219 250 229 176 175 142 145 204 211 242 237 72 87 118 105 52 43 10 21 160 191 158 129 220 195 226 253 88 71 102 121 36 59 26 5 80 79 110 113 44 51 18 13 168 183 150 137 212 203 234 245
0 32 64 96 128 160 192 224 0 32 64 96 128 160 192 224 0 32 64 96 128 160 192 224 0 32 64 96 128 160 192 224 0 32 64 96 128 160 192 224 0 32 64 96 128 160 192 224 0 32 64 96 128 160 192 224 0 32 64 96 128 160 192 224 0 32 64 96 128 160 192 224 0 32 64 96 128 160 192 224 0 32 64 96 128 160 192 224 0 32 64 96 128 160 192 224 0 32 64 96 128 160 192 224 0 32 64 96 128 160 192 224 0 32 64 96 128 160 192 224 0 32 64 96 128 160 192 224 0 32 64 96 128 160 192 224 0 32 64 96 128 160 192 224 0 32 64 96 128 160 192 224 0 32 64 96 128 160 192 224 0 32 64 96 128 160 192 224 0 32 64 96 128 160 192 224 0 32 64 96 128 160 192 224 0 32 64 96 128 160 192 224 0 32 64 96 128 160 192 224 0 32 64 96 128 160 192 224 0 32 64 96 128 160 192 224 0 32 64 96 128 160 192 224 0 32 64 96 128 160 192 224 0 32 64 96 128 160 192 224 0 32 64 96 128 160 192 224 0 32 64 96 128 160 192 224
0 33 66 99 132 165 198 231 8 41 74 107 140 173 206 239 16 49 82 115 148 181 214 247 24 57 90 123 156 189 222 255 32 1 98 67 164 133 230 199 40 9 106 75 172 141 238 207 48 17 114 83 180 149 246 215 56 25 122 91 188 157 254 223 64 97 2 35 196 229 134 167 72 105 10 43 204 237 142 175 80 113 18 51 212 245 150 183 88 121 26 59 220 253 158 191 96 65 34 3 228 197 166 135 104 73 42 11 236 205 174 143 112 81 50 19 244 213 182 151 120 89 58 27 252 221 190 159 128 161 194 227 4 37 70 103 136 169 202 235 12 45 78 111 144 177 210 243 20 53 86 119 152 185 218 251 28 61 94 127 160 129 226 195 36 5 102 71 168 137 234 203 44 13 110 79 176 145 242 211 52 21 118 87 184 153 250 219 60 29 126 95 192 225 130 163 68 101 6 39 200 233 138 171 76 109 14 47 208 241 146 179 84 117 22 55 216 249 154 187 92 125 30 63 224 193 162 131 100 69 38 7 232 201 170 139 108 77 46 15 240 209 178 147 116 85 54 23 248 217 186 155 124 93 62 31
0 34 68 102 136 170 204 238 16 50 84 118 152 186 220 254 32 2 100 70 168 138 236 206 48 18 116 86 184 154 252 222 64 98 4 38 200 234 140 174 80 114 20 54 216 250 156 190 96 66 36 6 232 202 172 142 112 82 52 22 248 218 188 158 128 162 196 230 8 42 76 110 144 178 212 246 24 58 92 126 160 130 228 198 40 10 108 78 176 146 244 214 56 26 124 94 192 226 132 166 72 106 12 46 208 242 148 182 88 122 28 62 224 194 164 134 104 74 44 14 240 210 180 150 120 90 60 30 0 34 68 102 136 170 204 238 16 50 84 118 152 186 220 254 32 2 100 70 168 138 236 206 48 18 116 86 184 154 252 222 64 98 4 38 200 234 140 174 80 114 20 54 216 250 156 190 96 66 36 6 232 202 172 142 112 82 52 22 248 218 188 158 128 162 196 230 8 42 76 110 144 178 212 246 24 58 92 126 160 130 228 198 40 10 108 78 176 146 244 214 56 26 124 94 192 226 132 166 72 106 12 46 208 242 148 182 88 122 28 62 224 194 164 134 104 74 44 14 240 210 180 150 120 90 60 30
0 35 70 101 140 175 202 233 24 59 94 125 148 183 210 241 48 19 118 85 188 159 250 217 40 11 110 77 164 135 226 193 96 67 38 5 236 207 170 137 120 91 62 29 244 215 178 145 80 115 22 53 220 255 154 185 72 107 14 45 196 231 130 161 192 227 134 165 76 111 10 41 216 251 158 189 84 119 18 49 240 211 182 149 124 95 58 25 232 203 174 141 100 71 34 1 160 131 230 197 44 15 106 73 184 155 254 221 52 23 114 81 144 179 214 245 28 63 90 121 136 171 206 237 4 39 66 97 128 163 198 229 12 47 74 105 152 187 222 253 20 55 82 113 176 147 246 213 60 31 122 89 168 139 238 205 36 7 98 65 224 195 166 133 108 79 42 9 248 219 190 157 116 87 50 17 208 243 150 181 92 127 26 57 200 235 142 173 68 103 2 33 64 99 6 37 204 239 138 169 88 123 30 61 212 247 146 177 112 83 54 21 252 223 186 153 104 75 46 13 228 199 162 129 32 3 102 69 172 143 234 201 56 27 126 93 180 151 242 209 16 51 86 117 156 191 218 249 8 43 78 109 132 167 194 225
0 36 72 108 144 180 216 252 32 4 104 76 176 148 248 220 64 100 8 44 208 244 152 188 96 68 40 12 240 212 184 156 128 164 200 236 16 52 88 124 160 132 232 204 48 20 120 92 192 228 136 172 80 116 24 60 224 196 168 140 112 84 56 28 0 36 72 108 144 180 216 252 32 4 104 76 176 148 248 220 64 100 8 44 208 244 152 188 96 68 40 12 240 212 184 156 128 164 200 236 16 52 88 124 160 132 232 204 48 20 120 92 192 228 136 172 80 116 24 60 224 196 168 140 112 84 56 28 0 36 72 108 144 180 216 252 32 4 104 76 176 148 248 220 64 100 8 44 208 244 152 188 96 68 40 12 240 212 184 156 128 164 200 236 16 52 88 124 160 132 232 204 48 20 120 92 192 228 136 172 80 116 24 60 224 196 168 140 112 84 56 28 0 36 72 108 144 180 216 252 32 4 104 76 176 148 248 220 64 100 8 44 208 244 152 188 96 68 40 12 240 212 184 156 128 164 200 236 16 52 88 124 160 132 232 204 48 20 120 92 192 228 136 172 80 116 24 60 224 196 168 140 112 84 56 28
0 37 74 111 148 177 222 251 40 13 98 71 188 153 246 211 80 117 26 63 196 225 142 171 120 93 50 23 236 201 166 131 160 133 234 207 52 17 126 91 136 173 194 231 28 57 86 115 240 213 186 159 100 65 46 11 216 253 146 183 76 105 6 35 64 101 10 47 212 241 158 187 104 77 34 7 252 217 182 147 16 53 90 127 132 161 206 235 56 29 114 87 172 137 230 195 224 197 170 143 116 81 62 27 200 237 130 167 92 121 22 51 176 149 250 223 36 1 110 75 152 189 210 247 12 41 70 99 128 165 202 239 20 49 94 123 168 141 226 199 60 25 118 83 208 245 154 191 68 97 14 43 248 221 178 151 108 73 38 3 32 5 106 79 180 145 254 219 8 45 66 103 156 185 214 243 112 85 58 31 228 193 174 139 88 125 18 55 204 233 134 163 192 229 138 175 84 113 30 59 232 205 162 135 124 89 54 19 144 181 218 255 4 33 78 107 184 157 242 215 44 9 102 67 96 69 42 15 244 209 190 155 72 109 2 39 220 249 150 179 48 21 122 95 164 129 238 203 24 61 82 119 140 169 198 227
0 38 76 106 152 190 212 242 48 22 124 90 168 142 228 194 96 70 44 10 248 222 180 146 80 118 28 58 200 238 132 162 192 230 140 170 88 126 20 50 240 214 188 154 104 78 36 2 160 134 236 202 56 30 116 82 144 182 220 250 8 46 68 98 128 166 204 234 24 62 84 114 176 150 252 218 40 14 100 66 224 198 172 138 120 94 52 18 208 246 156 186 72 110 4 34 64 102 12 42 216 254 148 178 112 86 60 26 232 206 164 130 32 6 108 74 184 158 244 210 16 54 92 122 136 174 196 226 0 38 76 106 152 190 212 242 48 22 124 90 168 142 228 194 96 70 44 10 248 222 180 146 80 118 28 58 200 238 132 162 192 230 140 170 88 126 20 50 240 214 188 154 104 78 36 2 160 134 236 202 56 30 116 82 144 182 220 250 8 46 68 98 128 166 204 234 24 62 84 114 176 150 252 218 40 14 100 66 224 198 172 138 120 94 52 18 208 246 156 186 72 110 4 34 64 102 12 42 216 254 148 178 112 86 60 26 232 206 164 130 32 6 108 74 184 158 244 210 16 54 92 122 136 174 196 226
0 39 78 105 156 187 210 245 56 31 118 81 164 131 234 205 112 87 62 25 236 203 162 133 72 111 6 33 212 243 154 189 224 199 174 137 124 91 50 21 216 255 150 177 68 99 10 45 144 183 222 249 12 43 66 101 168 143 230 193 52 19 122 93 192 231 142 169 92 123 18 53 248 223 182 145 100 67 42 13 176 151 254 217 44 11 98 69 136 175 198 225 20 51 90 125 32 7 110 73 188 155 242 213 24 63 86 113 132 163 202 237 80 119 30 57 204 235 130 165 104 79 38 1 244 211 186 157 128 167 206 233 28 59 82 117 184 159 246 209 36 3 106 77 240 215 190 153 108 75 34 5 200 239 134 161 84 115 26 61 96 71 46 9 252 219 178 149 88 127 22 49 196 227 138 173 16 55 94 121 140 171 194 229 40 15 102 65 180 147 250 221 64 103 14 41 220 251 146 181 120 95 54 17 228 195 170 141 48 23 126 89 172 139 226 197 8 47 70 97 148 179 218 253 160 135 238 201 60 27 114 85 152 191 214 241 4 35 74 109 208 247 158 185 76 107 2 37 232 207 166 129 116 83 58 29
0 40 80 120 160 136 240 216 64 104 16 56 224 200 176 152 128 168 208 248 32 8 112 88 192 232 144 184 96 72 48 24 0 40 80 120 160 136 240 216 64 104 16 56 224 200 176 152 128 168 208 248 32 8 112 88 192 232 144 184 96 72 48 24 0 40 80 120 160 136 240 216 64 104 16 56 224 200 176 152 128 168 208 248 32 8 112 88 192 232 144 184 96 72 48 24 0 40 80 120 160 136 240 216 64 104 16 56 224 200 176 152 128 168 208 248 32 8 112 88 192 232 144 184 96 72 48 24 0 40 80 120 160 136 240 216 64 104 16 56 224 200 176 152 128 168 208 248 32 8 112 88 192 232 144 184 96 72 48 24 0 40 80 120 160 136 240 216 64 104 16 56 224 200 176 152 128 168 208 248 32 8 112 88 192 232 144 184 96 72 48 24 0 40 80 120 160 136 240 216 64 104 16 56 224 200 176 152 128 168 208 248 32 8 112 88 192 232 144 184 96 72 48 24 0 40 80 120 160 136 240 216 64 104 16 56 224 200 176 152 128 168 208 248 32 8 112 88 192 232 144 184 96 72 48 24
0 41 82 123 164 141 246 223 72 97 26 51 236 197 190 151 144 185 194 235 52 29 102 79 216 241 138 163 124 85 46 7 32 9 114 91 132 173 214 255 104 65 58 19 204 229 158 183 176 153 226 203 20 61 70 111 248 209 170 131 92 117 14 39 64 105 18 59 228 205 182 159 8 33 90 115 172 133 254 215 208 249 130 171 116 93 38 15 152 177 202 227 60 21 110 71 96 73 50 27 196 237 150 191 40 1 122 83 140 165 222 247 240 217 162 139 84 125 6 47 184 145 234 195 28 53 78 103 128 169 210 251 36 13 118 95 200 225 154 179 108 69 62 23 16 57 66 107 180 157 230 207 88 113 10 35 252 213 174 135 160 137 242 219 4 45 86 127 232 193 186 147 76 101 30 55 48 25 98 75 148 189 198 239 120 81 42 3 220 245 142 167 192 233 146 187 100 77 54 31 136 161 218 243 44 5 126 87 80 121 2 43 244 221 166 143 24 49 74 99 188 149 238 199 224 201 178 155 68 109 22 63 168 129 250 211 12 37 94 119 112 89 34 11 212 253 134 175 56 17 106 67 156 181 206 231
0 42 84 126 168 130 252 214 80 122 4 46 248 210 172 134 160 138 244 222 8 34 92 118 240 218 164 142 88 114 12 38 64 106 20 62 232 194 188 150 16 58 68 110 184 146 236 198 224 202 180 158 72 98 28 54 176 154 228 206 24 50 76 102 128 170 212 254 40 2 124 86 208 250 132 174 120 82 44 6 32 10 116 94 136 162 220 246 112 90 36 14 216 242 140 166 192 234 148 190 104 66 60 22 144 186 196 238 56 18 108 70 96 74 52 30 200 226 156 182 48 26 100 78 152 178 204 230 0 42 84 126 168 130 252 214 80 122 4 46 248 210 172 134 160 138 244 222 8 34 92 118 240 218 164 142 88 114 12 38 64 106 20 62 232 194 188 150 16 58 68 110 184 146 236 198 224 202 180 158 72 98 28 54 176 154 228 206 24 50 76 102 128 170 212 254 40 2 124 86 208 250 132 174 120 82 44 6 32 10 116 94 136 162 220 246 112 90 36 14 216 242 140 166 192 234 148 190 104 66 60 22 144 186 196 238 56 18 108 70 96 74 52 30 200 226 156 182 48 26 100 78 152 178 204 230
0 43 86 125 172 135 250 209 88 115 14 37 244 223 162 137 176 155 230 205 28 55 74 97 232 195 190 149 68 111 18 57 96 75 54 29 204 231 154 177 56 19 110 69 148 191 194 233 208 251 134 173 124 87 42 1 136 163 222 245 36 15 114 89 192 235 150 189 108 71 58 17 152 179 206 229 52 31 98 73 112 91 38 13 220 247 138 161 40 3 126 85 132 175 210 249 160 139 246 221 12 39 90 113 248 211 174 133 84 127 2 41 16 59 70 109 188 151 234 193 72 99 30 53 228 207 178 153 128 171 214 253 44 7 122 81 216 243 142 165 116 95 34 9 48 27 102 77 156 183 202 225 104 67 62 21 196 239 146 185 224 203 182 157 76 103 26 49 184 147 238 197 20 63 66 105 80 123 6 45 252 215 170 129 8 35 94 117 164 143 242 217 64 107 22 61 236 199 186 145 24 51 78 101 180 159 226 201 240 219 166 141 92 119 10 33 168 131 254 213 4 47 82 121 32 11 118 93 140 167 218 241 120 83 46 5 212 255 130 169 144 187 198 237 60 23 106 65 200 227 158 181 100 79 50 25
